[[[ 66 120 154]
  [ 62 116 150]
  [ 61 113 150]
  ...
  [ 25  70 103]
  [ 25  70 103]
  [ 24  69 102]]

 [[ 60 113 147]
  [ 68 120 157]
  [ 70 122 159]
  ...
  [ 22  67 100]
  [ 21  66  99]
  [ 21  66  99]]

 [[ 61 113 150]
  [ 70 122 159]
  [ 74 124 161]
  ...
  [ 21  66  99]
  [ 21  66  99]
  [ 20  65  98]]

 ...

 [[ 56  78  75]
  [ 57  79  76]
  [ 57  79  76]
  ...
  [ 35  36  30]
  [ 34  35  27]
  [ 34  35  27]]

 [[ 58  80  77]
  [ 59  81  78]
  [ 60  82  79]
  ...
  [ 37  38  32]
  [ 37  38  30]
  [ 37  38  30]]

 [[ 61  83  80]
  [ 61  83  80]
  [ 62  84  81]
  ...
  [ 39  40  34]
  [ 38  39  31]
  [ 39  40  32]]]